27995672789
27656986531
27656708369
27656614968
27656531248
27656343639
27656259963
27656128695
27655980444
27655921059
27655885629
27655851867
27655724116
27655581039
27655547314
27655437737
27655360826
27655343341
27655326222
27655209198
27654990001
27654912762
27654680829
27654034671
27653924105
27653800798
27653449243
27653331643
27653217778
27653079073
27652951973
27652786639
27652621413
27652475802
27652308166
27650540787
27650079779
27649768424
27649593879
27648873031
27648671688
27648184829
27648155132
27647855232
27647618959
27647194121
27647179998
27647016054
27646907874
27646889383
27646752812
27645445570
27645332914
27645059107
27645048550
27644950454
27644873352
27644380432
27644366957
27643237311
27642867558
27642547678
27642394198
27641874896
27641211857
27640401302
27640029708
27639971805
27639691616
27572727707
27572484349
27572346354
27572164063
27571966249
27571927279
27571686621
27571446232
27571152785
27571035801
27570847251
27570590614
27570409169
27570179443
27570120265
27569880830
27569642449
27569608064
27569509705
27568982274
27568486216
27568234076
27567715637
27567566068
27567345006
27566000370
27565313758
27564981245
27564620841
27564510544
27563128222
27560797697
27560521471
27560028795
27550114517
27549808386
27547606470
27547321116
27547047119
27546974116
27546602007
27546174490
27541901643
27222393613
27222279425
27221594458
27221147160
27221037605
27220008159
27219847844
